zone,time_elapsed,power_j,watts,watts_since_last,start_power,prev_power,prev_power_reading,temp
package-0,0.000271873,-1.598381284919312,-1.5925169992753812,-1.5960744541789265,232713.945388,0.0,232713.945388,27.799999237060547
dram,0.000398229,-0.4406382593210924,-0.4406287351287299,-0.4399908155050663,75065.740204,0.0,75065.740204,27.799999237060547
core,0.000492823,-0.07068987090037042,46.53106357422229,-0.07887142162786845,187158.312194,0.0,187158.320434,27.799999237060547
uncore,0.000584477,-5.094602114647255e-6,-0.00007965059007096206,-0.000012487249888108326,250816.830014,0.0,250816.830014,27.799999237060547
package-0,1.000848149,30.450913715085036,30.434984214950227,32.03466290273723,232713.945388,-1.598381284919312,232745.994683,27.799999237060547
dram,1.00096308,0.6081867406842161,0.6074830551985029,1.0487226175716433,75065.740204,-0.4406382593210924,75066.789029,27.799999237060547
core,1.00105421,30.31338712909479,30.295587885736932,30.368799748934066,187158.312194,-0.07068987090037042,187188.704511,27.799999237060547
uncore,1.001142714,0.045953905378824905,0.045848096890612665,0.04592846806843709,250816.830014,-5.094602114647255e-6,250816.875973,27.799999237060547
package-0,2.001470127,52.30260371509546,25.341163268572533,21.840686016388588,232713.945388,30.450913715085036,232767.846373,27.799999237060547
dram,2.001627541,1.5028987406781038,0.5305335571131714,0.8946014674611722,75065.740204,0.6081867406842161,75067.683741,27.799999237060547
core,2.002387854,50.30924612911172,25.102309359305703,19.98452252494662,187158.312194,30.31338712909479,187208.70037,27.799999237060547
uncore,2.002533348,0.24071690538561238,0.1202062659122815,0.1946450523880068,250816.830014,0.045953905378824905,250817.070736,27.799999237060547
package-0,3.002918797,72.3331307150908,23.029664354066043,20.0028075617315,232713.945388,52.30260371509546,232787.8769,27.799999237060547
dram,3.003028632,2.3059367406763,0.47409173955167794,0.8019589138652954,75065.740204,1.5028987406781038,75068.486779,27.799999237060547
core,3.003205548,68.50158312909758,22.764020344618068,18.167030416174754,187158.312194,50.30924612911172,187226.892707,27.799999237060547
uncore,3.003395665,0.4517149053806279,0.15036136515034773,0.21069768291501276,250816.830014,0.24071690538561238,250817.281734,27.799999237060547
package-0,4.003773755,90.74549871508104,21.47322530771622,18.39729581355247,232713.945388,72.3331307150908,232806.289268,27.799999237060547
dram,4.003998138,3.0716817406732684,0.43668190007050967,0.7653447191581797,75065.740204,2.3059367406763,75069.252524,27.799999237060547
core,4.004125441,85.08711212910117,21.1967930069983,16.571114632044345,187158.312194,68.50158312909758,187243.478236,27.799999237060547
uncore,4.00431771,0.6660699053843346,0.16629319736495124,0.21416143902643073,250816.830014,0.4517149053806279,250817.496089,27.799999237060547
package-0,5.004682569,109.11379871508295,20.530349595214076,18.352352862738535,232713.945388,90.74549871508104,232824.657568,27.799999237060547
dram,5.004818569,3.8492067406709634,0.4165819949450519,0.7770587728514988,75065.740204,3.0716817406732684,75070.030049,27.799999237060547
core,5.004984029,101.6407191291101,20.24988782059341,16.538459627561778,187158.312194,85.08711212910117,187260.031843,27.799999237060547
uncore,5.005073255,0.8653489053774466,0.1728381900536168,0.19908941755453194,250816.830014,0.6660699053843346,250817.695368,27.799999237060547
package-0,6.005424373,127.90250771509788,19.972370323993058,18.775725409675108,232713.945388,109.11379871508295,232843.446277,27.799999237060547
dram,6.005617972,4.625022740679453,0.40292075342244593,0.7755510969623594,75065.740204,3.8492067406709634,75070.805865,27.799999237060547
core,6.005817964,118.61906912910041,19.689894684948243,16.96561540287149,187158.312194,101.6407191291101,187277.010193,27.799999237060547
uncore,6.005953403,1.0654829053907962,0.17734869636234815,0.19997650202987036,250816.830014,0.8653489053774466,250817.895502,27.799999237060547
package-0,7.006297496,147.2086107150787,19.64719358294027,19.28959363993584,232713.945388,127.90250771509788,232862.75238,27.799999237060547
dram,7.006436353,5.408223740677824,0.39419854311702407,0.7827468623221152,75065.740204,4.625022740679453,75071.589066,27.799999237060547
core,7.007064056,136.11981812909931,19.364032429167445,17.484983926090234,187158.312194,118.61906912910041,187294.510942,27.799999237060547
uncore,7.007170606,1.2635409053998374,0.1802704188969736,0.19787233015887679,250816.830014,1.0654829053907962,250818.09356,27.799999237060547
package-0,8.007636023,164.279123715092,19.12328538839499,17.050092111557536,232713.945388,147.2086107150787,232879.822893,27.799999237060547
dram,8.007945551,6.148821740681781,0.38230353167567277,0.7398073936817955,75065.740204,5.408223740677824,75072.329664,27.799999237060547
core,8.008077173,151.37716412909782,18.838705853805205,15.238733896732048,187158.312194,136.11981812909931,187309.768288,27.799999237060547
uncore,8.008259785,1.4598299053848096,0.18223351705934507,0.19604263672685904,250816.830014,1.2635409053998374,250818.289849,27.799999237060547
package-0,9.008614619,181.28988371509666,18.70958834302849,16.99361082894835,232713.945388,164.279123715092,232896.833653,27.799999237060547
dram,9.008848226,6.895096740679476,0.3736983335501928,0.7456815167794077,75065.740204,6.148821740681781,75073.075939,27.799999237060547
core,9.009060578,166.5729871291142,18.423674757185346,15.17991157648107,187158.312194,151.37716412909782,187324.964111,27.799999237060547
uncore,9.009271703,1.662038905394853,0.18442093708557672,0.20199019095525503,250816.830014,1.4598299053848096,250818.492058,27.799999237060547
package-0,10.00961715,198.0409387150973,18.352689027193524,16.734136390728644,232713.945388,181.28988371509666,232913.584708,27.799999237060547
dram,10.009798583,7.629775740680527,0.36565566790829673,0.7340950168068014,75065.740204,6.895096740679476,75073.810618,27.799999237060547
core,10.009973398,181.5156981290957,18.066367313754235,14.92703067390159,187158.312194,166.5729871291142,187339.906822,27.799999237060547
uncore,10.010143994,1.8627829053964307,0.18602442171192773,0.20052627447949067,250816.830014,1.662038905394853,250818.692802,27.799999237060547
package-0,11.010503942,215.82012971507692,18.154453367689456,17.76538034894622,232713.945388,198.0409387150973,232931.363899,27.799999237060547
dram,11.01070524,8.39008874067211,0.3614193682529786,0.7599615410684755,75065.740204,7.629775740680527,75074.570931,27.799999237060547
core,11.010921948,197.49582012910383,17.868604701108122,15.966823178714742,187158.312194,181.5156981290957,187355.886944,27.799999237060547
uncore,11.01111555,2.0552259054036184,0.1865860820916391,0.1922755368092104,250816.830014,1.8627829053964307,250818.885245,27.799999237060547
package-0,12.011400434,232.99440171508076,17.93860605343016,17.157686329638114,232713.945388,215.82012971507692,232948.538171,27.799999237060547
dram,12.011573222,9.133738740676092,0.3564901401775863,0.7431055948623961,75065.740204,8.39008874067211,75075.314581,27.799999237060547
core,12.012149334,212.85778112909162,17.652075376318123,15.346479981103442,187158.312194,197.49582012910383,187371.248905,27.799999237060547
uncore,12.012240953,2.259143905388315,0.18800677111886008,0.20370538236251143,250816.830014,2.0552259054036184,250819.089163,27.799999237060547
package-0,13.0125543,249.78909771507796,17.726629673172642,16.77641742732642,232713.945388,232.99440171508076,232965.332867,27.799999237060547
dram,13.012734171,9.885323740681526,0.3529222213696942,0.7508981158909447,75065.740204,9.133738740676092,75076.066166,27.799999237060547
core,13.012899067,227.8327181291125,17.438965206841402,14.958147266810535,187158.312194,212.85778112909162,187386.223842,27.799999237060547
uncore,13.013067292,2.4636109053915205,0.1892494243415698,0.2042307636177275,250816.830014,2.259143905388315,250819.29363,27.799999237060547
package-0,14.013389049,267.3311667150953,17.598666467420855,17.528443940339482,232713.945388,249.78909771507796,232982.874936,27.799999237060547
dram,14.01356987,10.648077740677293,0.35067733275655677,0.7623997791006596,75065.740204,9.885323740681526,75076.82892,27.799999237060547
core,14.013749837,243.55423512911062,17.309936598522746,15.708423669430344,187158.312194,227.8327181291125,187401.945359,27.799999237060547
uncore,14.013920648,2.6724729053910194,0.19063206550806072,0.20868075315218307,250816.830014,2.4636109053915205,250819.502492,27.799999237060547
package-0,15.014258479,284.03162471510194,17.431689127281484,16.687257475387625,232713.945388,267.3311667150953,232999.575394,27.799999237060547
dram,15.014436756,11.38885974067078,0.3472675068561575,0.740428248952032,75065.740204,10.648077740677293,75077.569702,27.799999237060547
core,15.014605414,258.4484231291163,17.142988956120156,14.881557477254999,187158.312194,243.55423512911062,187416.839547,27.799999237060547
uncore,15.01477335,2.8721189053846827,0.1912163542028421,0.1994694129820522,250816.830014,2.6724729053910194,250819.702138,27.799999237060547
package-0,16.015040303,301.71755371510125,17.347201153570435,17.673263882430884,232713.945388,284.03162471510194,233017.261323,27.799999237060547
dram,16.015257371,12.152468740672232,0.345712731726571,0.7633214906119345,75065.740204,11.38885974067078,75078.333311,27.799999237060547
core,16.015451705,274.31996512909524,17.05801210097022,15.859216825626394,187158.312194,258.4484231291163,187432.711089,27.799999237060547
uncore,16.015659135,3.0868399053813262,0.19266978171787477,0.21454689835376575,250816.830014,2.8721189053846827,250819.916859,27.799999237060547
package-0,17.015973108,318.7527277150909,17.23420402512859,17.019603301828386,232713.945388,301.71755371510125,233034.296497,27.799999237060547
dram,17.016124493,12.902832740679044,0.34355399112560403,0.7498687645548465,75065.740204,12.152468740672232,75079.083675,27.799999237060547
core,17.016757518,289.55369012909347,16.94536341471331,15.219092080612846,187158.312194,274.31996512909524,187447.944814,27.799999237060547
uncore,17.01693085,3.290574905398658,0.19330451424669198,0.20353213369991874,250816.830014,3.0868399053813262,250820.120594,27.799999237060547
package-0,18.017246732,335.8732887150797,17.138176091422352,17.099056216696304,232713.945388,318.7527277150909,233051.417058,27.799999237060547
dram,18.017427996,13.652647740681898,0.34159104262471496,0.7489481160804989,75065.740204,12.902832740679044,75079.83349,27.799999237060547
core,18.017597542,304.8491831291058,16.8483656708995,15.275994263954011,187158.312194,289.55369012909347,187463.240307,27.799999237060547
uncore,18.017767967,3.486130905390142,0.19341138671177957,0.1952998419362729,250816.830014,3.290574905398658,250820.31615,27.799999237060547
package-0,19.018081874,352.8752597150994,17.046452335699072,16.988730786275386,232713.945388,335.8732887150797,233068.419029,27.799999237060547
dram,19.018309438,14.408078740679668,0.3401480245929146,0.7550787131798535,75065.740204,13.652647740681898,75080.588921,27.799999237060547
core,19.018492459,320.0321281291136,16.756050385273557,15.17024686037348,187158.312194,304.8491831291058,187478.423252,27.799999237060547
uncore,19.018660171,3.6963959053916695,0.19428488578077144,0.21008185377314864,250816.830014,3.486130905390142,250820.526415,27.799999237060547
package-0,20.018981971,369.8843107151003,16.964197534132655,16.99467906186135,232713.945388,352.8752597150994,233085.42808,27.799999237060547
dram,20.019163459,15.158930740677063,0.3386181988768844,0.750431451714695,75065.740204,14.408078740679668,75081.339773,27.799999237060547
core,20.019334477,335.2392421291034,16.67412232154917,15.193470806338691,187158.312194,320.0321281291136,187493.630366,27.799999237060547
uncore,20.019502985,3.902083905378946,0.19484181739745068,0.20549623436786874,250816.830014,3.6963959053916695,250820.732103,27.799999237060547
package-0,21.019878105,386.4428007150961,16.868392175141423,16.545577907419943,232713.945388,369.8843107151003,233101.98657,27.799999237060547
dram,21.020078676,15.888054740682021,0.33620251988476757,0.7287909598023699,75065.740204,15.158930740677063,75082.068897,27.799999237060547
core,21.020253764,349.9889601291098,16.57828240492626,14.737347212359722,187158.312194,335.2392421291034,187508.380084,27.799999237060547
uncore,21.020459372,4.102827905380524,0.1951110427793676,0.2005683413002187,250816.830014,3.902083905378946,250820.932847,27.799999237060547
package-0,22.020859868,404.1756047150954,16.83451073148318,17.716297220375992,232713.945388,386.4428007150961,233119.719374,27.799999237060547
dram,22.021002703,16.63756474067621,0.33492743931874436,0.7489991606891457,75065.740204,15.888054740682021,75082.818407,27.799999237060547
core,22.02169891,365.92751812910416,16.545040298900314,15.923027815075423,187158.312194,349.9889601291098,187524.318642,27.799999237060547
uncore,22.021903978,4.2944169054041925,0.1949388474210189,0.1913951430390658,250816.830014,4.102827905380524,250821.124436,27.799999237060547
package-0,23.022294164,421.901816715075,16.80292539461183,17.700932697660992,232713.945388,404.1756047150954,233137.445586,27.799999237060547
dram,23.022529863,17.38310774067348,0.33357560842197187,0.7444971531153126,75065.740204,16.63756474067621,75083.56395,27.799999237060547
core,23.022726686,381.82109312909876,16.512406835570353,15.870832470315415,187158.312194,365.92751812910416,187540.212217,27.799999237060547
uncore,23.022900029,4.504499905387762,0.1955810896684066,0.20977570357865596,250816.830014,4.2944169054041925,250821.334519,27.799999237060547
package-0,24.023167476,439.44388571509234,16.766642304691374,17.525399679827153,232713.945388,421.901816715075,233154.987655,27.799999237060547
dram,24.023268918,18.131091740674933,0.33245215786463145,0.7474530245506052,75065.740204,17.38310774067348,75084.311934,27.799999237060547
core,24.023352982,397.5475541291117,16.475838964997994,15.710849730010114,187158.312194,381.82109312909876,187555.938678,27.799999237060547
uncore,24.023435426,4.708905905392145,0.1959370436491089,0.2041959509025866,250816.830014,4.504499905387762,250821.538925,27.799999237060547
package-0,25.023699031,456.41832971508455,16.7109133249557,16.966820517253147,232713.945388,439.44388571509234,233171.962099,27.799999237060547
dram,25.023800909,18.865830740681744,0.33090339822278947,0.734758006066992,75065.740204,18.131091740674933,75085.046673,27.799999237060547
core,25.023885394,412.72451712911703,16.420539343038254,15.168864596651751,187158.312194,397.5475541291117,187571.115641,27.799999237060547
uncore,25.023976396,4.9121529053897905,0.1962217932986552,0.2031309347605503,250816.830014,4.708905905392145,250821.742172,27.799999237060547
package-0,26.024277154,474.22303271508616,16.691371134486808,17.796583988495346,232713.945388,456.41832971508455,233189.766802,27.799999237060547
dram,26.024380248,19.611678740673128,0.3299005224103768,0.7458579101871985,75065.740204,18.865830740681744,75085.792521,27.799999237060547
core,26.024465187,428.69884212910534,16.40012958222286,15.965757567908279,187158.312194,412.72451712911703,187587.089966,27.799999237060547
uncore,26.02454836,5.128826905385482,0.19700057275740526,0.21655017936022036,250816.830014,4.9121529053897905,250821.958846,27.799999237060547
package-0,27.024829511,491.29372871509594,16.64609226004543,17.0623349038581,232713.945388,474.22303271508616,233206.837498,27.799999237060547
dram,27.024949319,20.34391474068387,0.3284672457274518,0.7322132373317629,75065.740204,19.611678740673128,75086.524757,27.799999237060547
core,27.025034893,443.9638781291024,16.354964308233654,15.256326565151378,187158.312194,428.69884212910534,187602.355002,27.799999237060547
uncore,27.025117286,5.33909190538701,0.19748428278352395,0.21013745433480258,250816.830014,5.128826905385482,250822.169111,27.799999237060547
package-0,28.025440539,508.2899007150806,16.601388202640187,16.9878778381473,232713.945388,491.29372871509594,233223.83367,27.799999237060547
dram,28.025668374,21.073466740673652,0.3270405773305084,0.7295323033769163,75065.740204,20.34391474068387,75087.254309,27.799999237060547
core,28.025790214,459.13333412910566,16.30961433193427,15.16082114952043,187158.312194,443.9638781291024,187617.524458,27.799999237060547
uncore,28.025960977,5.557719905389364,0.19823187245873916,0.21849596183190334,250816.830014,5.33909190538701,250822.387739,27.799999237060547
package-0,29.026276387,524.8198877150968,16.54354870269692,16.517426070277654,232713.945388,508.2899007150806,233240.363657,27.799999237060547
dram,29.026472638,21.799294740683294,0.3255773596212399,0.7255187807284722,75065.740204,21.073466740673652,75087.980137,27.799999237060547
core,29.026676025,473.84783512911514,16.251575941543905,14.702426797105325,187158.312194,459.13333412910566,187632.238959,27.799999237060547
uncore,29.026847636,5.768839905382025,0.19866753981984916,0.2109394556696677,250816.830014,5.557719905389364,250822.598859,27.799999237060547
package-0,30.027154943,541.6305747150869,16.49887787787813,16.796819175251528,232713.945388,524.8198877150968,233257.174344,27.799999237060547
dram,30.027347539,22.535376740671822,0.32455168369318066,0.7356955487428918,75065.740204,21.799294740683294,75088.716219,27.799999237060547
core,30.02756604,488.8380921291128,16.206558361240162,14.977075294891053,187158.312194,473.84783512911514,187647.229216,27.799999237060547
uncore,30.027737793,5.981668905378443,0.199130691871956,0.21263460613266508,250816.830014,5.768839905382025,250822.811688,27.799999237060547
package-0,31.028049624,558.3764427150851,16.45497677151088,16.73132808072707,232713.945388,541.6305747150869,233273.920212,27.799999237060547
dram,31.028233171,23.27695174067911,0.3237682331590136,0.7411367383833747,75065.740204,22.535376740671822,75089.457794,27.799999237060547
core,31.028399178,503.7889211290922,16.16315352119251,14.937084617281005,187158.312194,488.8380921291128,187662.180045,27.799999237060547
uncore,31.028522011,6.185036905395224,0.19925878782337186,0.20317383626538205,250816.830014,5.981668905378443,250823.015056,27.799999237060547
package-0,32.028880331,575.5538887151012,16.427368193251443,17.16497349629569,232713.945388,558.3764427150851,233291.097658,27.799999237060547
dram,32.029058091,24.014926740675477,0.3229244838827795,0.737694702025304,75065.740204,23.27695174067911,75090.195769,27.799999237060547
core,32.029851918,519.165773129108,16.135829334231943,15.364744478317201,187158.312194,503.7889211290922,187677.556897,27.799999237060547
uncore,32.030061927,6.3931059053809225,0.19952647110597746,0.20789782245697802,250816.830014,6.185036905395224,250823.223125,27.799999237060547
package-0,33.030412977,592.3628057150887,16.3898655198179,16.78291922475476,232713.945388,575.5538887151012,233307.906575,27.799999237060547
dram,33.030608213,24.74478274068086,0.32186868766403887,0.7287035936591861,75065.740204,24.014926740675477,75090.925625,27.799999237060547
core,33.03082862,534.143518129119,16.09770923063475,14.954651042940574,187158.312194,519.165773129108,187692.534642,27.799999237060547
uncore,33.030998623,6.598365905397928,0.1996883374904216,0.20493697454070273,250816.830014,6.3931059053809225,250823.428385,27.799999237060547
package-0,34.031324974,609.3022157150805,16.358722987735636,16.924370507898935,232713.945388,592.3628057150887,233324.845985,27.799999237060547
dram,34.031495451,25.478545740677404,0.3210033446832158,0.7333115241480388,75065.740204,24.74478274068086,75091.659388,27.799999237060547
core,34.03158546,549.2634751291071,16.06629789019835,15.105793431416163,187158.312194,534.143518129119,187707.654599,27.799999237060547
uncore,34.031666115,6.810157905385255,0.20003616360913537,0.21158642295386035,250816.830014,6.598365905397928,250823.640177,27.799999237060547
package-0,35.031939438,626.7352767150984,16.343590176278443,17.422706913888934,232713.945388,609.3022157150805,233342.279046,27.799999237060547
dram,35.032043922,26.227933740673947,0.320639357899117,0.7492437632181039,75065.740204,25.478545740677404,75092.408776,27.799999237060547
core,35.032127681,564.9076611290975,16.051770506021757,15.63378443997556,187158.312194,549.2634751291071,187723.298785,27.799999237060547
uncore,35.032255967,7.011084905383301,0.20005551653985626,0.2007859346360324,250816.830014,6.810157905385255,250823.841104,27.799999237060547
package-0,36.032484705,644.1712057150977,16.329432500339003,17.427676241346166,232713.945388,626.7352767150984,233359.714975,27.799999237060547
dram,36.032603145,26.99770674068121,0.3208636660967633,0.769748948733392,75065.740204,26.227933740673947,75093.178549,27.799999237060547
core,36.032724187,580.5106481291177,16.03695609509204,15.59434565399331,187158.312194,564.9076611290975,187738.901772,27.799999237060547
uncore,36.032804014,7.217505905393169,0.20022688328642047,0.20629908917012482,250816.830014,7.011084905383301,250824.047525,27.799999237060547
package-0,37.033064549,660.9771927150974,16.299015527142373,16.79755173232373,232713.945388,644.1712057150977,233376.520962,27.799999237060547
dram,37.033922473,27.746911740681284,0.3205198605257433,0.7491579666575305,75065.740204,26.99770674068121,75093.927754,27.799999237060547
core,37.034096064,595.501943129103,16.00641209313388,14.982557394087856,187158.312194,580.5106481291177,187753.893067,27.799999237060547
uncore,37.034293524,7.427160905377365,0.2004761611273914,0.20952523479229643,250816.830014,7.217505905393169,250824.25718,27.799999237060547
package-0,38.034632272,677.5827417150973,16.264502741893235,16.58074053063309,232713.945388,660.9771927150974,233393.126511,27.799999237060547
dram,38.034836886,28.47981974067214,0.3197475061136291,0.7318074114582127,75065.740204,27.746911740681284,75094.660662,27.799999237060547
core,38.035012017,610.3007331291037,15.972030715552357,14.776687639328559,187158.312194,595.501943129103,187768.691857,27.799999237060547
uncore,38.035181928,7.626317905401935,0.20043151756793634,0.19885294946384785,250816.830014,7.427160905377365,250824.456337,27.799999237060547
package-0,39.035597271,694.1417807150825,16.230844144693744,16.545200313877363,232713.945388,677.5827417150973,233409.68555,27.799999237060547
dram,39.035804936,29.213338740673393,0.3190421453139236,0.7331223871442767,75065.740204,28.47981974067214,75095.394181,27.799999237060547
core,39.035991138,625.0463011291167,15.938296952062842,14.732444555797015,187158.312194,610.3007331291037,187783.437425,27.799999237060547
uncore,39.036137204,7.833775905391791,0.2006049088355133,0.20726613185841936,250816.830014,7.626317905401935,250824.663795,27.799999237060547
package-0,40.03646687,710.8194117150812,16.201794359762022,16.66220053736615,232713.945388,694.1417807150825,233426.363181,27.799999237060547
dram,40.036588032,29.93812874068088,0.31815248006992713,0.7243063686951661,75065.740204,29.213338740673393,75096.118971,27.799999237060547
core,40.036759095,639.9212621291108,15.909449221153844,14.860506351694257,187158.312194,625.0463011291167,187798.312386,27.799999237060547
uncore,40.036967308,8.035312905378065,0.20062133100448185,0.2013340060660248,250816.830014,7.833775905391791,250824.865332,27.799999237060547
package-0,41.037294771,727.4924647150871,16.17413297991218,16.661115717032267,232713.945388,710.8194117150812,233443.036234,27.799999237060547
dram,41.037613653,30.662553740673943,0.317300854209954,0.7241641793953049,75065.740204,29.93812874068088,75096.843396,27.799999237060547
core,41.037823273,654.7835901290991,15.88177532241996,14.850738487042596,187158.312194,639.9212621291108,187813.174714,27.799999237060547
uncore,41.038023767,8.246372905379518,0.20086994619274912,0.21088806443046257,250816.830014,8.035312905378065,250825.076392,27.799999237060547
package-0,42.03846251,744.5092667150853,16.155828152238854,16.998539784576238,232713.945388,727.4924647150871,233460.053036,27.799999237060547
dram,42.038639889,31.40321274067672,0.316870078904804,0.7400011567589484,75065.740204,30.662553740673943,75097.584055,27.799999237060547
core,42.039345995,669.9726381290993,15.86306751432161,15.172235933580799,187158.312194,654.7835901290991,187828.363762,27.799999237060547
uncore,42.039609447,8.47171390539164,0.20144487906939348,0.225084608783367,250816.830014,8.246372905379518,250825.301733,27.799999237060547
package-0,43.040039909,761.2082597150835,16.130791622610815,16.67225959179074,232713.945388,744.5092667150853,233476.752029,27.799999237060547
dram,43.040238544,32.14008874067211,0.31636294363970097,0.7356545802836452,75065.740204,31.40321274067672,75098.320931,27.799999237060547
core,43.040444265,684.8513231291026,15.837840081313526,14.855003829412496,187158.312194,669.9726381290993,187843.242447,27.799999237060547
uncore,43.040660575,8.685396905400681,0.20171992990308918,0.21333645742471452,250816.830014,8.47171390539164,250825.515416,27.799999237060547
package-0,44.040993528,777.7336077150791,16.103176839154823,16.50904669500593,232713.945388,761.2082597150835,233493.277377,27.799999237060547
dram,44.041204102,32.876231740674015,0.3158718827032102,0.7355822098472113,75065.740204,32.14008874067211,75099.057074,27.799999237060547
core,44.041407679,699.5538611291149,15.809963180066587,14.687419906080738,187158.312194,684.8513231291026,187857.944985,27.799999237060547
uncore,44.041585324,8.902254905400456,0.2020571404741407,0.21662794799554302,250816.830014,8.685396905400681,250825.732274,27.799999237060547
package-0,45.041852095,794.3003987150984,16.077744624162513,16.552065619818876,232713.945388,777.7336077150791,233509.844168,27.799999237060547
dram,45.041982442,33.6033417406811,0.31520359986129565,0.7266625279937049,75065.740204,32.876231740674015,75099.784184,27.799999237060547
core,45.042067359,714.2985131291089,15.784291808143907,14.730811413824172,187158.312194,699.5538611291149,187872.689637,27.799999237060547
uncore,45.042150112,9.118012905377087,0.20235534189332607,0.21554830137312697,250816.830014,8.902254905400456,250825.948032,27.799999237060547
package-0,46.042409724,811.1721817150789,16.060192704135847,16.86400708186659,232713.945388,794.3003987150984,233526.715951,27.799999237060547
dram,46.042510518,34.31690174067033,0.3142765131123457,0.7135773740886431,75065.740204,33.6033417406811,75100.497744,27.799999237060547
core,46.042609665,729.3394301291146,15.766306162298429,15.032721618048315,187158.312194,714.2985131291089,187887.730554,27.799999237060547
uncore,46.042706705,9.34115690539487,0.20280272308969943,0.2230147916544896,250816.830014,9.118012905377087,250826.171176,27.799999237060547
package-0,47.043066192,828.108600715084,16.044751270947675,16.928108343415634,232713.945388,811.1721817150789,233543.65237,27.799999237060547
dram,47.043209632,35.03290374067136,0.3134403402462309,0.7159868732411698,75065.740204,34.31690174067033,75101.213746,27.799999237060547
core,47.04391275,744.4899641291004,15.751406662629535,15.141868393035075,187158.312194,729.3394301291146,187902.881088,27.799999237060547
uncore,47.044149148,9.547882905398852,0.2028819560052317,0.20660018337839728,250816.830014,9.34115690539487,250826.377902,27.799999237060547
package-0,48.044492518,844.7729867150734,16.023981857432513,16.640875382665218,232713.945388,828.108600715084,233560.316756,27.799999237060547
dram,48.044748478,35.755069740678195,0.31275408559037277,0.7211696273022734,75065.740204,35.03290374067136,75101.935912,27.799999237060547
core,48.044945055,759.3185401291003,15.730149190519779,14.807560219246264,187158.312194,744.4899641291004,187917.709664,27.799999237060547
uncore,48.045123224,9.769927905401106,0.20327318013171564,0.2217237027475949,250816.830014,9.547882905398852,250826.599947,27.799999237060547
package-0,49.045409995,861.3300737150963,16.00203769499763,16.54205109829256,232713.945388,844.7729867150734,233576.873843,27.799999237060547
dram,49.045561461,36.47839574067028,0.3121265590196839,0.7228615848112514,75065.740204,35.755069740678195,75102.659238,27.799999237060547
core,49.04567792,774.0450651291058,15.707826937707397,14.71244076570832,187158.312194,759.3185401291003,187932.436189,27.799999237060547
uncore,49.045757089,9.990630905400154,0.20362297448167924,0.22048477933082786,250816.830014,9.769927905401106,250826.82065,27.799999237060547
package-0,50.046052138,877.9751117150842,15.982828855997537,16.635111249341563,232713.945388,861.3300737150963,233593.518881,27.799999237060547
dram,50.046173154,37.20342974067306,0.3115625482201265,0.7248997731115772,75065.740204,36.47839574067028,75103.384272,27.799999237060547
core,50.046312482,788.8765091291161,15.688583863541266,14.82150392491159,187158.312194,774.0450651291058,187947.267633,27.799999237060547
uncore,50.046398913,10.197722905397073,0.2036879685621192,0.20694573320926188,250816.830014,9.990630905400154,250827.027742,27.799999237060547
package-0,51.046663457,895.5584407150997,15.98276559077111,17.57340620050475,232713.945388,877.9751117150842,233611.10221,27.799999237060547
dram,51.046770552,37.95629674067594,0.3115663846856521,0.7527535039544413,75065.740204,37.20342974067306,75104.137139,27.799999237060547
core,51.046855991,804.6567421291138,15.688692188578516,15.770180166427963,187158.312194,788.8765091291161,187963.047866,27.799999237060547
uncore,51.046938962,10.404508905392264,0.20374455191038365,0.20664676411818464,250816.830014,10.197722905397073,250827.234528,27.799999237060547
package-0,52.047182926,912.462266715094,15.969684456433987,16.896265743329163,232713.945388,895.5584407150997,233628.006036,27.799999237060547
dram,52.047294631,38.67650974068373,0.3109441884535502,0.72024137061464,75065.740204,37.95629674067594,75104.857352,27.799999237060547
core,52.047379013,819.736049129092,15.675360806987246,15.07128167600689,187158.312194,804.6567421291138,187978.127173,27.799999237060547
uncore,52.047461469,10.61984090538475,0.20396356611383415,0.21520976969851663,250816.830014,10.404508905392264,250827.44986,27.799999237060547
package-0,53.04770815,929.2334647150961,15.954599456749497,16.763866981445343,232713.945388,912.462266715094,233644.777234,27.799999237060547
dram,53.047809746,39.40453574068077,0.31049286797615094,0.7280602882347225,75065.740204,38.67650974068373,75105.585378,27.799999237060547
core,53.047893926,834.7009151291159,15.660377548250596,14.957031517439095,187158.312194,819.736049129092,187993.092039,27.799999237060547
uncore,53.047976465,10.831875905388857,0.20411220013077516,0.21191635764042555,250816.830014,10.61984090538475,250827.661895,27.799999237060547
package-0,54.048334799,945.8871687150928,15.937902845195937,16.646646404295126,232713.945388,929.2334647150961,233661.430938,27.799999237060547
dram,54.048567665,40.13133974067158,0.3100358087901891,0.7268524751415035,75065.740204,39.40453574068077,75106.312182,27.799999237060547
core,54.048740929,849.5375471291072,15.643579809783805,14.829037861634571,187158.312194,834.7009151291159,188007.928671,27.799999237060547
uncore,54.048918507,11.044887905381744,0.20427345160444474,0.21289531665957884,250816.830014,10.831875905388857,250827.874907,27.799999237060547
package-0,55.049313262,962.6633107150807,15.923892918221123,16.760694292493916,232713.945388,945.8871687150928,233678.20708,27.799999237060547
dram,55.04951922,40.86168474067516,0.3096535027897066,0.7298609713603117,75065.740204,40.13133974067158,75107.042527,27.799999237060547
core,55.049729123,864.5021081291079,15.629587109614237,14.950083549223686,187158.312194,849.5375471291072,188022.893232,27.799999237060547
uncore,55.049906924,11.247462905384724,0.20423756086427977,0.20237186262869442,250816.830014,11.044887905381744,250828.077482,27.799999237060547
package-0,56.050169871,979.4275497150917,15.910170532700347,16.748774258560967,232713.945388,962.6633107150807,233694.971319,27.799999237060547
dram,56.050272813,41.6054577406844,0.30952440249260615,0.7432741558842326,75065.740204,40.86168474067516,75107.7863,27.799999237060547
core,56.050357482,879.4555611291025,15.615895569670078,14.938962922242123,187158.312194,864.5021081291079,188037.846685,27.799999237060547
uncore,56.050439998,11.44796290539101,0.20416592585018578,0.20029855603533017,250816.830014,11.247462905384724,250828.277982,27.799999237060547
package-0,57.050700217,995.2500797150966,15.880553277482557,15.815362989049488,232713.945388,979.4275497150917,233710.793849,27.799999237060547
dram,57.050818783,42.34019674067666,0.3092470641511914,0.734747250031017,75065.740204,41.6054577406844,75108.521039,27.799999237060547
core,57.05090569,893.461080129101,15.586185486656385,13.997918042890305,187158.312194,879.4555611291025,188051.852204,27.799999237060547
uncore,57.050988792,11.66671290539101,0.20441821592466045,0.21862364393507047,250816.830014,11.44796290539101,250828.496732,27.799999237060547
package-0,58.051213178,1011.4958267150756,15.859260588604043,16.23913278490491,232713.945388,995.2500797150966,233727.039596,27.799999237060547
dram,58.051323407,43.07450874067716,0.30897249756122314,0.7343720357388723,75065.740204,42.34019674067666,75109.255351,27.799999237060547
core,58.051411667,907.8929891291073,15.564856458454967,14.424712857942843,187158.312194,893.461080129101,188066.284113,27.799999237060547
uncore,58.051494664,11.866052905382945,0.2043276033704784,0.1992329461730809,250816.830014,11.66671290539101,250828.696072,27.799999237060547
package-0,59.051754895,1028.349055715076,15.848965354371183,16.845601097262723,232713.945388,1011.4958267150756,233743.892825,27.799999237060547
dram,59.051855626,43.82188274067583,0.3089279424411763,0.7473817931293265,75065.740204,43.07450874067716,75110.002725,27.799999237060547
core,59.051940071,922.9354921291115,15.554579997157834,15.034419753070328,187158.312194,907.8929891291073,188081.326616,27.799999237060547
uncore,59.052022899,12.07680690538267,0.20443321659039532,0.21063313024070665,250816.830014,11.866052905382945,250828.906826,27.799999237060547
package-0,60.052326834,1044.2368927150926,15.822938324239201,15.880791522850943,232713.945388,1028.349055715076,233759.780662,27.799999237060547
dram,60.052428013,44.551555740670196,0.3085901562143252,0.7296945159473944,75065.740204,43.82188274067583,75110.732398,27.799999237060547
core,60.052512688,937.0022891291183,15.528399255507544,14.059289765769488,187158.312194,922.9354921291115,188095.393413,27.799999237060547
uncore,60.052602944,12.290551905398148,0.2045851294722351,0.21362328552479878,250816.830014,12.07680690538267,250829.120571,27.799999237060547
package-0,61.052868349,1061.169588715096,15.814866701986952,16.924331039730916,232713.945388,1044.2368927150926,233776.713358,27.799999237060547
dram,61.052969896,45.295877740683395,0.30850287745740257,0.7442870416109515,75065.740204,44.551555740670196,75111.47672,27.799999237060547
core,61.053054797,952.1260301291068,15.520378122546198,15.115044441445848,187158.312194,937.0022891291183,188110.517154,27.799999237060547
uncore,61.053137226,12.499962905387052,0.20466093754537032,0.2092830075097311,250816.830014,12.290551905398148,250829.329982,27.799999237060547
package-0,62.05349488,1078.6800417150914,15.816378216014064,17.50258374097207,232713.945388,1061.169588715096,233794.223811,27.799999237060547
dram,62.053649643,46.051795740678685,0.3086058090196616,0.755928237809085,75065.740204,45.295877740683395,75112.232638,27.799999237060547
core,62.054368536,967.8225231291026,15.521856574530181,15.68815051193837,187158.312194,952.1260301291068,188126.213647,27.799999237060547
uncore,62.054543478,12.709861905395643,0.20474230835340038,0.20977982644960835,250816.830014,12.499962905387052,250829.539881,27.799999237060547
package-0,62.590054854,1082.5222567150738,15.728617433325374,8.549998843165747,232713.945388,1078.6800417150914,233798.066026,27.799999237060547
dram,62.590619562,46.34879274067633,0.30693200301105783,0.9356123382380463,75065.740204,46.051795740678685,75112.529635,27.799999237060547
core,62.591136879,970.7865651291095,15.435580404787615,5.595913845865445,187158.312194,967.8225231291026,188129.177689,27.799999237060547
uncore,62.59164658,12.747214905388079,0.20358431771985483,0.06965597299909643,250816.830014,12.709861905395643,250829.577234,27.799999237060547
